Gates List
[3.076 4.541 5.915 6.444 7.054 8.415 8.874 10.062 11.132 11.895 12.95 13.972 15.346 17.214 17.833 18.742 20.791 22.221 23.006 23.513 24.278 24.84 25.84 26.695 27.278 28.02 28.749]

[
29.895 
30.966 
-32.438 
33.784 
34.34 

35.007 
-36.416 
36.84 
37.854 
38.917

39.736 
40.659 
41.819 
43.132 
45.214 

45.806 
-46.653 
48.721 
-50.042 
50.841 

51.215 
51.979 
-52.722 
53.695 
-54.625 

55.306 
-56.152 
57.007
]

[57.973 59.048 60.438 61.806 62.278 63 64.404 64.876 65.973 67.243 67.944 68.826 70.229 71.902 73.799 74.417 75.278 77.438 78.847 79.716 80.084 80.855 81.722 82.75 83.682 84.445 85.209 86.111 86.835]




29.895 , 32.438, 36.416, 46.653, 50.042, 52.722, 54.625, 56.152, 57.973 

2.543, 3.978, 10.237, 3.389,2.68, 1.903, 1.527. 1.821